182|34 1101|34 868|15
1400|50 1245|44
512|38 714|35 485|22 777|33
360|27 201|24 34|39 839|31
1268|20 869|44 1|31 1332|46 892|35 366|32
1181|18 748|35 1124|37 532|40 505|32
116|44 34|28 883|47
1186|39 1167|18
1238|21 799|35 31|32
1015|21 799|16 266|48 1145|39 618|44 252|40
1083|45 168|49
549|34 190|16
216|46 695|26 491|39 183|28
627|38 490|41 7|16
263|25 625|33 218|27 333|22 211|48 891|31
240|29 1140|50 490|20
1347|27 1203|20 751|44 1490|32
1385|29 609|40
1000|50 197|30
761|40 1274|15 1183|32
637|35 473|37 1283|17 61|20 158|32 1227|40
607|30 557|46
1054|49 237|17 1381|24
493|46 835|24 885|36
945|42 1444|31 684|26 93|29 935|18 856|28
1272|17 261|26 582|25 463|47
1445|20 466|37 363|26
1003|25 745|16 672|25 1013|33 234|48 662|46
395|50 1075|46 1456|17 529|24
113|28 969|25 845|23
1136|20 997|34 40|50 747|50 247|16 1258|27
222|39 944|48 921|31
644|35 242|44 916|36
253|23 1068|26
1152|19 765|35
230|32 165|50
1141|46 801|38 954|33 748|46 940|23 426|49
1080|30 1355|38 1252|46 888|48
94|45 1065|29 778|29
607|26 966|23
1361|18 265|25
645|30 924|43
689|44 1476|40 173|29 1091|43 1328|17
203|22 1344|43 1402|50
1306|42 1423|46 106|30 468|43 839|44
1055|50 300|29 825|29 260|25 941|26 385|50
536|42 1100|39 593|36
1444|40 311|39 567|29
1201|27 1124|21 1498|23 189|38
859|43 422|38 1118|41 1205|25 765|46 210|15
334|37 157|31
1140|41 284|18 928|38 1049|42 450|37 427|26
556|43 1000|15
1455|45 785|41 977|16
885|20 687|32 524|49 481|45
1062|16 1369|44 501|20
933|36 1378|15
142|44 1289|17 3|37 666|44 192|25
1335|15 553|50 485|19
880|24 602|44 1050|41 779|50 781|35
320|29 163|44 301|39
885|40 449|18 279|42 383|19 1469|37
814|48 783|22 579|37 533|25 32|43
159|50 1394|18 1330|41 1021|39 698|18
1421|47 587|31
1123|15 960|16
166|18 992|15
833|49 437|48 991|45
682|27 925|42 1195|46
1388|45 161|45 1406|25 452|24
20|33 435|36 1032|29 1013|24 1479|18
419|20 271|49 446|26 277|40 1051|32
1310|36 1277|50 221|36
336|37 1332|15 1273|36 717|30 339|37 1499|29
1238|45 715|15
1158|33 389|15 660|26 115|35
943|26 891|18 609|19 1283|31
290|33 990|48 356|21 1328|44 519|32
1387|32 535|49 314|19 809|21 8|35
700|29 1009|31
145|24 569|43 789|35 1252|37 1332|16
952|34 753|24 1147|40 580|23
1227|31 1124|34
1445|29 1211|37 44|38 1155|36
234|44 68|18
577|32 1053|35 1390|40 1326|46 1170|50 1491|44
1015|34 1464|27 1333|44 1060|31
197|31 1140|47 1401|49 1265|38
1353|25 1284|27 14|47 739|49
250|49 65|29 879|25 424|48
1491|34 286|35 1413|23 1051|29 823|33
614|45 1265|40 396|39
751|30 1127|22 496|24 940|41 406|49 728|41
900|44 1258|22 566|49 246|40 737|32
907|47 284|17 153|46 1149|46 771|44
1458|27 896|41 575|42 78|46
840|49 1336|19
1124|48 383|34 220|28 710|26 8|18 688|36
1406|28 986|20 630|38
160|32 1273|17 769|24 772|46 499|48 707|19
1187|29 912|26 1208|49
731|18 566|37 1227|27 448|27
800|39 1262|31 249|18 664|33
1385|19 1417|41 218|29
405|46 1413|42 427|28 762|50
129|23 1232|30 1445|30 510|22
1001|38 628|27 179|37 388|33
600|29 934|27 998|22 1323|49 1325|44
214|37 657|24 139|33 752|44
609|17 459|45 839|35
1120|31 1159|34 1375|40 1298|39 532|46 587|28
1230|31 1487|24 635|41
915|23 600|17 338|23 1041|17 992|25 141|46
904|19 715|47 930|18 619|37 674|27 505|42
109|43 188|42 534|27 1148|28
1319|20 325|42 1070|32 452|29 110|38
1495|45 1340|48 1067|36
580|39 1138|37 1328|15 688|28 440|23 404|24
965|15 1245|24
141|16 378|30 728|34
677|35 459|38 765|33 1469|37
69|46 1044|24 369|26 1325|45 1086|35 518|19
235|22 1424|19 633|39 1490|41 1144|19
1390|26 173|50 572|49 1139|43 413|48
147|29 862|49
235|41 494|30 700|18 232|23 145|24
864|44 1123|21 452|17 434|42 75|50
1475|48 947|31
20|50 1326|29 160|47 841|22
99|15 562|31 3|44
1471|48 429|25
729|40 1280|44 1013|48
831|19 616|34 975|46 608|50 12|15 945|34
1016|24 971|39 1222|38 142|40
352|44 994|16 981|26
844|31 939|36
1280|33 1486|49 847|23 1101|23 130|15 90|18
1317|45 1199|37 209|40 1271|32
1087|30 1183|46 393|40 900|36
346|45 408|39 94|40
1365|18 102|34 732|20
395|19 325|18 879|27 41|47 1491|49
321|15 376|22 1347|19 955|26
1037|23 1426|31 0|41 1072|29 900|15
231|15 900|41 309|32 1068|41
1379|16 946|28
1039|21 1356|46
497|40 323|38 1491|29
789|31 301|19 468|44 1238|38
319|25 459|42 429|50 954|39 602|36 964|27
1288|36 1385|37 566|40 393|40 747|24
153|26 1343|48 25|38 735|41 1180|15 1326|26
1382|27 474|45 940|47 1445|46 1385|37 77|21
1132|17 513|43 750|39 539|44 1104|23 542|25
425|37 734|21 510|15 1198|46
747|43 1026|45 947|15
1148|35 438|36 264|30
354|33 75|42 1068|20 921|42 1277|42 740|48
902|49 1255|32
436|29 376|20 1317|34 46|25 986|15 1495|35
1149|36 909|50 803|38 715|36 599|24
49|19 164|30 559|38
1444|21 305|21 1225|20 1289|19
363|31 514|37 746|20 185|23 1025|15 614|34
814|40 348|32 1091|20 430|37 1292|34
1389|16 198|16 130|44 898|27 951|35 381|48
573|47 481|32 1439|39 313|26 659|25 1142|32
872|18 375|26 1088|43
1470|50 410|36 590|22
634|25 304|17 488|36 14|15 744|21 1318|24
567|42 1226|42 782|29
113|41 164|22 453|46 395|38 863|28
574|44 438|33 1341|15 11|47 1317|17
1467|48 358|27
679|49 1052|27
757|25 540|37 953|21 168|15 480|25
432|28 607|48 708|43 644|25
1168|36 1328|48 1172|21
361|40 18|20 602|36 616|24
766|43 1060|41 952|50 696|30 445|47
317|45 923|24
750|29 202|44 331|36 350|28
1416|16 453|48 720|38
1317|37 1459|30 180|21 4|40
561|37 1314|34 143|26
1326|26 723|20 1374|20 527|43 1371|32 970|49
957|16 984|37 515|17 465|34 266|39
750|44 618|43 350|37
1118|17 371|46 1268|16 1033|36
504|50 1337|19 168|30 710|21 1072|44 566|16
1063|27 213|41
346|49 917|18 906|49 451|36 238|18 1450|40
675|41 1418|32 563|22 810|33 901|35
1167|49 18|36 295|23
855|31 982|26 1066|25 1320|44 458|24
1132|43 322|16
790|41 1007|50 678|48 1413|43 62|44 116|47
507|31 1383|21
1253|43 342|44
450|35 139|33 1164|45 709|36 724|17
1222|48 1352|34
781|40 941|49 11|49
469|29 874|43 713|44
1118|42 1133|27 448|41 283|45 1233|39 1062|46
735|45 99|18 1367|31
633|41 542|21 1232|24 185|35 1162|40 1291|24
1393|49 914|17 612|21
1031|29 845|24 506|23 1056|41 995|25
768|36 701|49 1387|17 1409|24 1243|19 1222|31
519|43 77|32 1267|36 1414|21
91|23 706|43
981|30 360|49 729|19 686|48
35|46 220|29 1271|27 1005|24 695|32
176|17 904|20
1375|32 1351|27 839|23 1096|37 94|31
1048|20 1444|50 1448|24 991|47
1284|44 1275|39
1111|37 1492|47
1369|39 472|39 615|22 633|27 671|39
1361|45 367|15 1085|26 790|41 457|37
767|43 664|30 349|41 915|18 448|24
1054|31 350|26 961|36 1136|18
1147|43 1438|34
941|46 1483|24 717|27 940|16 989|30 1121|27
1448|43 604|32
541|29 1460|33 137|32 989|23 471|43 253|36
530|43 374|23 1491|49 469|41 1004|42 630|23
985|20 1412|27
979|36 1463|15 277|42 1084|15 505|39 388|37
308|40 1038|50 685|40 472|34
595|44 1392|20 1335|37
736|20 930|35 265|28 927|45 958|24
316|40 92|36 323|35 491|50
1336|20 843|45 232|15 754|41 1051|24
475|42 189|37 14|28
385|50 1127|28 1300|23
979|37 792|44 718|31 189|48 1414|16
702|33 272|48 950|37 543|15
86|27 167|31 995|23 435|22 629|34 832|15
78|19 1441|15 613|31
745|26 1438|42 423|30 162|17 927|33 1134|49
1125|26 1355|34 404|18
986|25 1155|20 1030|39
165|43 638|50 204|29 1380|50 1173|31 483|16
213|19 1062|15 1206|32 430|31
1400|33 626|26 454|24 671|30 102|37
89|27 1165|40 33|20 1315|42 1094|39
77|45 1181|30 5|18 1202|17 932|27 1283|22
198|41 822|33 1389|28 657|30 1492|49 706|35
110|17 25|39 1224|35
375|30 1487|38 412|43
77|48 921|18 9|27 1055|19 1002|50
636|38 893|38 1264|31 1225|19 227|38
442|42 703|45 932|49 1170|33 1272|43
561|16 1187|31 1155|47 1071|25 243|22 1208|17
261|36 444|45
1291|16 104|33 1498|32
516|20 1239|28 755|27 1163|41 926|30 394|22
724|34 265|32 1119|42 618|31
1196|47 4|37 770|31 1130|41
395|18 960|15 1455|24 1297|25
249|20 1433|23 336|15 1315|30
1182|18 1281|42 810|39 1292|41
1468|44 323|19 351|46 124|17 279|15
1494|45 1073|19 256|42 1325|22 148|23 1266|25
545|48 459|33 1315|21 1194|43 396|45
928|18 1317|26 261|34
1396|24 985|49
879|26 370|50
948|15 1004|46 1133|29 1079|46
379|20 1471|38 398|49 681|50 711|40
1290|50 595|33 521|29 1127|35 1310|31
444|33 451|30 1415|32 421|42 879|48
188|18 195|32
756|39 211|43 523|23 22|44 1445|44
301|23 119|24 234|30 787|31
1013|25 407|48 1060|31 397|49 412|25 1061|36
634|40 556|38 370|17
707|27 305|32 957|36
1094|28 787|16 1069|46 1245|36
1315|36 14|17 1232|19 730|21
1147|49 547|49 1474|31
133|31 1372|17 276|42 1488|25
865|38 1132|31 713|50 529|48 651|33 693|19
943|25 1079|15 1245|35 919|24 1478|42 114|40
921|29 832|40
1494|40 299|24 1011|25 1154|38
1075|37 1161|36
849|20 1121|36 671|26 1325|43 259|50 28|48
734|26 448|48
608|50 1020|48 1214|29
640|41 456|16 1258|29 764|47 1200|36 298|34
229|26 645|17 1488|35
1445|35 587|47 43|39
934|33 1006|19 1411|37 1231|25 996|48
508|30 853|35 326|45 1343|15 1149|45
511|20 414|15
443|18 574|27 698|18 789|31
1095|25 854|40 1239|47 947|22 1394|39
1034|47 297|25
1009|35 207|21 807|31 1024|46 1152|45 422|16
548|34 487|29 1375|41 471|23 845|45
1413|29 1286|49 1149|38 174|41 1301|30 219|30
1168|21 758|50
25|16 221|47 31|19 1133|36
43|18 1314|50 1402|22
1219|50 123|16 781|15 495|40
245|42 492|31
535|49 271|25 1235|44 291|22 782|29 811|48
34|23 355|20 799|31 1395|38 196|37
484|23 1096|46 1204|28 1018|20 1173|37
120|15 32|28 1315|44
887|29 719|50 1125|15 833|35
653|35 298|26 179|26 1133|42 493|50
535|37 1480|27 1240|22 32|36 1006|50
239|15 1116|43 1337|45 351|23
166|32 284|42 645|23
125|43 503|18 1220|19 987|37 505|21 1355|27
683|19 662|25
574|23 266|41 1460|34 1415|42
1144|47 1071|43 706|39 144|34
344|23 1443|38
251|44 359|49 895|47 1480|18
58|29 275|46 554|29
839|46 960|21 2|45
982|43 1333|28 1010|46 1397|42 142|50 297|43
1480|25 842|30 1338|39 761|46
1219|29 841|30 1328|33
1471|25 313|35 895|23 79|25 299|25 1274|38
1421|19 377|17 492|42 994|41
119|40 231|30 1234|25 9|19 471|37
81|41 1028|46 160|25 107|25 668|39
1093|46 133|46
739|47 766|31 371|39 276|49 980|28 1025|19
736|36 471|22 415|50
1004|21 1261|42 1347|44 1483|17 1379|26
1042|19 57|40 180|36
870|17 109|27 50|37 522|37 463|42
1216|30 1072|30 1426|42 88|37
700|20 499|25 783|25 651|46
1405|36 540|41
944|32 739|44 364|50 856|43 5|21
102|23 1128|27 131|41 885|28 1097|36
914|47 1119|37
1364|20 474|46 250|23 563|25 72|49
416|47 1408|47 178|45
263|47 113|20 565|34 739|26 686|19 225|22
879|22 1296|33 1237|47
453|27 648|42 418|19 826|40
815|26 950|35
1398|32 666|37
153|18 728|26 129|41
1110|39 1320|41
159|19 567|36 501|31 835|32 753|41
954|45 531|47 577|21 39|25
408|49 412|31 657|30 814|48 1177|30
964|16 1309|29 1466|41 910|44
339|27 286|45 331|38 1279|48 1144|39 85|27
148|15 1441|49 1051|29
730|38 760|46 755|37 94|36 977|30 1395|47
697|33 547|27 524|33 173|34 70|15
1048|24 163|43 1287|19
1212|44 265|21
821|15 917|47 1106|21 434|33 450|27 1031|24
13|18 552|38 726|44 1298|39
476|25 657|19 208|50 755|47 335|31
441|48 22|26
1488|17 520|46 111|19 1432|50 772|21
1324|31 425|21 362|49 639|16
1046|45 484|35 433|40
30|45 1258|47 537|36 1493|46 774|19
824|31 1379|22 364|22 1488|30
1376|38 1065|49 982|27 524|38 907|22
1420|36 251|20 1317|39 184|29
430|19 424|43 148|49 1020|20 1237|37
452|17 1102|23 944|29 587|46 1497|42
1392|32 585|35 132|45 529|17 475|45
1342|48 413|41
831|37 1033|30 1216|27 20|20
307|49 42|27 1345|18 158|34
334|39 1389|34
390|31 912|25 1403|48 984|24 1125|41 516|31
757|15 1168|29 272|26 751|19 1322|37 1287|24
565|31 615|37
1269|26 1477|28 569|32 207|39
86|16 395|47
1279|33 68|44 619|32 588|50 557|36
803|33 1156|29 386|29 1204|40 633|30 600|26
750|18 112|15 654|42
251|49 332|45 842|23 1449|17 319|39 628|24
509|49 520|50 178|20 257|18 996|15
487|47 262|26
345|45 286|20 1128|22 615|46 821|18
1237|28 685|48 253|45 25|32
1201|37 931|21 298|35 109|44 784|40
409|22 1170|31 212|29 1194|46
1490|15 1214|27 1217|33
12|48 248|18 419|49
1195|34 1169|32
449|41 881|40 451|22 277|31 251|23
1115|15 1305|21 871|49 439|15 663|26
119|35 940|31
1265|32 1036|41 483|44
915|45 707|48 863|27 374|36
436|30 323|18 53|22 1013|16 1228|21
1374|41 636|26 1433|45 1458|46 1349|23 1135|43
1207|46 353|15 690|49
1409|40 1270|35 417|41 478|20 761|27 1280|28
990|20 23|27 650|46 849|16
116|36 17|30 746|35 618|46 322|27 563|26
600|45 1460|50 1297|31
1182|15 1000|47 193|42 6|17
111|40 1041|27 749|26 492|26 1340|27
793|35 1425|28 1108|36 967|28
272|26 767|18
1270|26 222|33 910|28 408|31
916|41 698|22 791|47
1283|21 817|17 429|38 1008|40
623|45 1456|29 1172|42 480|37
519|45 955|35 349|46 160|27 223|44 416|35
1090|40 484|23 1174|34 1364|23 241|34 777|27
582|16 1046|15 139|26 917|19 920|21
1421|48 749|20 421|28 976|38 1241|43 411|29
560|19 1478|22
906|16 248|42 263|23 1211|24 1324|50
628|35 1309|35 146|24 1010|44 385|24 177|44
908|47 435|46 374|33 953|38 1022|30 996|49
688|32 553|36 344|50 334|30 1196|19
462|40 24|43 486|28
1330|32 1360|33 1085|35 284|41 660|17 534|45
1051|50 270|23 998|46 1262|36 1397|38 1140|31
1113|37 642|36 1249|20 177|36
913|15 185|16 749|24 475|32
560|27 967|39
940|44 304|47 1153|36 1485|21 6|42
391|19 1297|40 10|32 1485|22 751|22 481|23
249|26 811|36 725|31 1217|32
482|45 1030|25 1112|41 1237|25 915|50
1411|46 1026|31
1135|16 539|43 1099|15 1327|16 571|30 769|23
1170|30 315|24
698|42 315|29 1193|44 1322|42
818|45 105|38 856|23
1037|27 375|23
867|48 1498|43 1195|33 612|25
1058|37 1353|15 752|38
506|36 1002|16 465|15 1411|39 995|27
1178|21 959|16 817|39 588|47 1218|37
970|39 964|44 1132|26 909|41 429|17
1273|29 13|37 1335|38 429|49
106|24 787|42
1361|30 929|43 1237|35 156|16
956|20 1427|49 1049|30 405|16 1255|44 1213|42
104|20 1121|28 1379|28 328|32 602|40 52|38
221|18 458|45 880|33 532|30 1023|24
422|40 1288|23 1377|27 660|19 1023|27 319|17
547|49 432|42 476|48 930|27 1184|29 961|43
51|27 855|41 1439|36 358|24 682|15
174|34 798|43 632|38 985|33 1217|22
802|25 1138|20 444|24 125|39
1053|15 790|25 800|34 1137|17
809|37 375|30 241|40
907|28 793|46 1111|42 126|18 414|15
1259|31 1187|16 630|44 125|42 438|18 1361|21
653|34 1214|43 1365|17 306|21
1444|17 116|25 1090|43 1257|29
154|41 432|19
1148|18 347|34 670|48 1476|40 876|27 1466|40
1362|36 1475|30 932|39 1003|45
415|40 72|49 862|46 1208|47
522|29 746|17
883|31 858|28 707|36 939|19
698|48 1464|48 37|17
763|16 1246|17 185|48 1346|36
1092|35 7|35 1165|36 597|19
1352|24 378|29 998|32 676|45
526|23 361|26 891|36 1048|38
341|35 4|49 1256|21 327|33 724|21 1236|36
1480|23 583|48 259|29 13|48
752|50 227|49 1475|46
736|41 280|25 1493|47
906|40 1042|29 1122|27 1340|49 981|19
1324|25 699|42 902|46 1120|36
925|21 756|33 1210|46
1135|15 647|44 961|16 471|19
1269|37 148|43 870|47 1097|33 356|40 1304|35
1187|46 1450|17 576|16 342|38
259|38 1451|41 362|36 96|20 472|23
1140|25 522|29
819|22 606|24 946|38
1388|35 249|16 909|49 141|35
1458|16 36|32 628|47 44|19 1482|27
1056|49 834|26 639|31 1487|18
767|35 206|36 303|28 395|32 1446|35
1361|19 891|42 751|28 1269|23 759|39
9|21 988|22 1089|49
769|32 1355|50
266|22 1308|18 1256|19 783|34 773|20
597|25 292|44
799|47 1053|24
587|41 934|30
854|21 992|48 963|42 1371|48
16|41 527|46
1092|21 118|26 201|38
1293|26 812|25 342|31 622|30
368|17 825|22 694|16 1435|17 17|23
620|49 773|35 9|31 464|40
293|42 1270|30 1126|46 26|40
379|44 1232|34 323|32 1434|16
1358|42 44|33 1334|35
401|15 395|25 786|36
129|46 110|38 1466|45 314|41 1137|26
1211|17 1443|42 1303|45
383|47 1127|41 469|40 45|23 831|45 444|50
279|30 1217|29
292|32 1051|44 1030|41 481|50
747|38 859|16 209|22 469|32 154|40 1492|27
476|16 176|22
100|41 427|23 866|41 729|29 1224|28
254|44 1172|30 1231|40 626|20 1232|40 346|27
479|20 1092|47 512|24 621|40 319|35
991|42 1358|26 833|24 1083|30 750|24 573|27
988|17 262|19 1325|20
454|39 507|47
189|41 1493|35 1257|36 618|21 643|29
958|19 864|19 1307|23 184|36
518|19 1417|46 1192|36 1111|18 881|25 575|19
1008|47 216|36
1115|45 1493|19 896|37 644|19 1211|30
559|33 719|40 1368|47 549|30 988|16 1100|30
490|16 1180|34 1414|43 11|16 741|37 553|49
306|34 1142|40 340|39 504|34 1020|31 1280|42
1326|25 1347|16
483|20 1361|26 662|26 209|23
531|15 1387|26
739|48 858|31 1086|40
1424|43 1003|26 379|22 396|15 791|22
619|48 479|20 1485|49
670|33 634|43
1377|37 953|23
1330|25 1157|49 678|42 363|27 818|34
1169|46 55|21 453|38
935|29 1455|30
948|34 710|43 1225|30 550|31
1418|46 992|19 271|41 1214|41 849|27 253|26
596|35 322|21 994|31 101|34 351|29 43|24
1282|26 521|25 454|43 1446|38 1249|24
392|37 305|46 674|28 839|38 1410|22
998|34 419|49
739|42 1056|39 900|20 1104|44 1101|34
1128|17 878|23
1121|33 220|32 1324|37 278|24
1145|15 980|21
461|19 667|30 715|27
1244|37 334|50 887|42 1055|39
1466|49 1175|19 156|25 1174|15 522|15 1276|47
1469|41 905|47 989|42
852|30 316|15 208|19 754|41 1059|40
662|45 540|42 1329|43 87|40 720|40
111|17 1413|41 811|27 368|50 176|41
182|36 505|32 1122|17 248|49
660|15 198|37 1034|24 283|47 1086|22 515|36
787|35 1393|22 715|41
1379|32 970|50
297|21 753|15
1015|40 1294|25 764|46 1196|35 45|22 1287|50
1430|39 868|23 543|28 925|26 1164|43
780|28 69|33 462|30 1393|32 831|50
66|34 1475|45 168|45 1129|20
1292|42 28|49 766|44
1178|36 1096|30 1012|30 1198|24 1164|40
1349|28 176|32 984|33 1305|24 1101|26
296|47 36|19
15|47 1372|36 9|36 1479|35
916|47 1462|22 400|43 40|31 1155|39
1232|33 1252|37
525|24 1308|39 110|34 1255|50 1101|44
383|27 1082|50 1207|16 800|26
427|39 1346|41
1066|35 1010|50 199|49 678|31 1213|35 1374|22
454|15 863|44 658|21
190|37 938|48 1379|31
1307|17 1066|16 281|43
433|43 90|34 512|27
887|16 1130|44 772|37 1044|21 1126|26 481|35
467|21 380|29 1113|48 919|24
556|44 946|25 337|34 32|40 960|17 590|46
282|29 1133|37 1154|37
1265|15 237|19 1418|30
1413|39 597|45 1489|42 253|46
558|23 1358|20 151|33 1463|21
715|40 55|29 244|17 631|42 695|43
1296|40 721|32
1162|18 247|22 1493|48
949|34 1262|34 199|45 1195|46
157|29 334|46
1254|19 457|47 150|37 1364|21 1204|45
383|19 1069|27 1497|25 673|21 189|45 332|28
1207|30 797|35 761|50 1232|33
893|15 823|19 445|31 1214|19 472|40 591|35
31|24 1077|45 851|23 1475|18
1036|24 1210|43
210|23 1032|40 601|47 1398|38 1331|49
301|39 202|22 492|18 24|49 1346|23 1264|50
354|31 1048|43 719|21
424|46 1328|48 620|33 665|34 773|48 1123|30
1172|30 577|34 683|37
890|42 619|17 654|16 82|49
343|28 55|28 796|46 749|46 601|20 906|37
1211|16 382|47 1019|42 1163|35 1378|26 505|25
952|36 401|20 1393|22 541|38 620|31 383|48
1000|32 1412|25 1019|36
1344|22 107|27 1183|42
1493|24 388|31 239|28 725|35 1301|28
1066|27 1163|49
159|32 849|35 1080|41 1114|43 656|18
549|17 275|45 545|20 888|31 179|37
282|34 1434|31 103|47
314|49 1078|39 1201|20 472|37 601|17 817|48
653|40 77|42 1190|39 858|26 517|16 435|49
641|15 1109|41 1002|40 857|40 689|23 723|23
1317|44 1260|15 246|36 1074|50 1474|21
179|41 441|20
905|27 1167|25 633|34 37|20 949|45 1122|36
479|45 1499|31 310|32 696|24 661|29 1079|39
347|19 605|50
819|40 377|20 795|33
904|44 1011|44
577|37 903|17 525|36 125|29 135|43 1291|41
1013|38 772|44 263|24 881|49 551|22
645|41 213|15 1048|28
1313|16 1063|47 1497|33 959|27
1358|44 938|18 799|39 1255|21 1230|30 24|27
176|23 550|19 1421|41 839|16 993|25 54|31
527|46 164|31 79|50 1075|29
573|42 588|34 244|35 1361|49
1294|21 319|50 803|45 1476|33
560|40 477|42 495|31 594|44 944|22 981|31
762|29 1359|24 1378|35 1417|46 1180|16 967|37
510|48 1103|19 611|19 720|22
980|35 327|47 1342|39 1390|38 545|42
404|47 522|39 561|45 14|36 1422|17 53|47
45|48 884|41 1182|31
568|18 735|27 1151|22 849|22 10|42
7|34 509|24
1298|33 1079|45 12|17 804|37 731|32
1123|48 818|26 208|40 317|48 597|43 638|50
1250|21 725|26 296|48
447|17 251|48 1117|27 1082|28 540|31
1058|29 612|41 1120|22 426|23
902|19 1398|48 1414|30
1213|26 1051|27 976|37 445|35 1020|20 496|16
317|49 1201|28 1409|37
289|21 1039|15
565|24 1492|34 1478|20 381|44
774|43 732|29 1473|41 671|26
130|40 924|50 424|33 740|31 1326|23 1490|20
508|27 1290|48
1360|18 300|26 921|35 245|45
1100|35 1418|16 1237|36
1398|48 661|34 207|43 867|28
1371|39 385|45 400|28 1385|43
856|45 171|31 747|46 619|15 272|42 1102|45
774|34 693|37 236|23 73|35 261|33 414|40
713|17 725|41 692|43 744|40
1481|32 527|49 962|27
959|27 1208|50 430|32 1397|43 116|31
167|23 1213|20 693|40 464|34
511|23 1463|17
128|45 255|32 1111|28 288|27
1054|47 1413|17 1008|33 561|41
1358|44 222|35 171|35 1442|28
1160|30 150|24 1422|16 423|45 1473|19
1309|44 993|48 850|47 698|15
658|35 44|24 321|21 1174|19 548|31 214|48
1018|23 796|31
1403|41 121|37 1453|17
1393|37 468|25 642|16 1392|34
1068|46 122|17 1351|36
93|20 1459|19 530|50
979|48 905|29 910|35 1251|27 1281|27
279|37 1387|19 1463|48 698|43 1056|16
1375|38 964|21 690|40 305|45 715|31 426|40
806|25 856|22 195|22 963|33 537|16
817|32 429|17 1305|43 105|39 794|46
1043|29 684|23 1244|45 240|45 342|24
412|22 36|16
1308|44 407|50 566|38 1106|29 75|47
1413|17 463|16 430|37 473|48 876|20 603|25
1448|40 532|41 731|46 144|25 311|47 488|34
1491|38 298|36 706|28 1064|47
12|41 643|30
485|40 647|29 601|36 563|34 379|15 1296|48
111|34 1241|45
238|35 1344|40 271|33
574|27 1046|19 207|19 539|23 1028|29 311|43
709|47 805|35
1428|48 1279|38 703|48
815|18 347|41 112|36 109|18
212|46 632|41 917|30 355|27 227|47
653|25 1300|49 790|17 914|19 44|26
15|33 730|22 640|22 657|38 853|38
874|24 115|41 85|41 172|17 1118|22 863|42
784|31 201|38 1169|26
1272|38 1286|29 945|26 363|31
602|23 1119|24
56|25 400|22 464|39
18|30 548|26
879|41 75|34 1033|42
1484|30 40|16 929|27 991|35 490|22
1052|44 869|41
497|50 598|49 1312|32 735|47 1124|31
1418|15 629|35 129|16
14|17 1464|23 951|29 1196|50 428|19
1468|22 255|42 154|38 1346|16 1413|17 526|36
1328|49 346|41
1004|34 1440|44 645|32 1321|30
76|36 267|25 816|37 356|45 1382|25
1075|45 899|49 71|44 926|31
1207|25 72|19 994|20 249|20
911|35 1376|35 1408|32 359|31 758|38
708|42 408|29
188|36 690|18 608|35
313|34 390|25 40|34 465|44 242|40 1016|22
618|36 549|18 776|41 72|31 1054|36
737|35 837|23 1341|43 1032|17 1387|33 61|43
673|37 10|33 891|16 391|23 818|31 544|25
303|26 894|48 1378|50
950|27 638|34 874|31 915|38 1349|42
363|49 971|21 1329|44 790|25
817|38 710|39 1091|26
837|35 239|26
1119|50 1392|36 117|30 1215|47 146|48
484|16 485|42 974|38 495|15
288|42 500|28 1423|25
147|41 122|28 486|49 765|45
589|36 766|37 845|19 171|49
865|26 1271|46 916|39 201|18 1248|23
1255|29 157|24 674|45 669|33 1114|22 290|33
1085|46 326|28 309|39 919|23
376|46 163|37 366|32 1411|19 744|48
701|30 63|19
1359|17 844|34 557|50 679|32
127|19 1466|22 1171|37 538|50 1379|43 1401|50
687|19 668|31 943|23 879|32 700|33 273|18
1035|40 1230|46 677|21 852|29
1042|28 43|46 884|49 844|27
704|15 1319|24 553|35 928|30 1444|28
1234|20 889|37
1417|49 276|40 594|27
856|40 1207|21 25|26
76|49 125|15 833|36 1244|49 233|17
618|17 1161|24
231|24 472|31 1461|21 122|31
374|17 491|27 1039|19 702|20 525|36 243|25
940|46 743|18 280|23
1099|35 678|30 30|36 396|28 589|29 237|32
521|15 669|33 1050|38 502|39 796|15 932|26
162|34 693|17 886|26 313|21
464|29 684|27 16|29 261|25
1227|21 1263|34 99|24 25|30 548|21
108|43 775|47 323|40 206|31 1137|22 737|47
352|45 615|17 666|25 342|30 794|45
126|49 949|35 1327|19 655|42
989|25 771|36 450|35 191|39
1069|43 853|48 1191|25
1283|41 1438|22 1333|44 707|26 920|40 1190|21
448|50 219|37 38|34 856|27
870|37 1260|48 661|45 1193|40 1251|37
277|22 925|36 1376|19 49|32
431|48 505|27 1450|44 571|15 1245|35
555|35 643|34 967|30 868|23 510|41 130|16
1268|39 908|27 245|22 1479|25 1338|46
992|15 841|28 1246|46
1022|16 460|39 1165|30 930|20 227|40
677|17 1014|33 13|30 446|29 669|40
179|17 116|19 223|34 6|28 790|35 737|44
970|40 461|36 1211|45 799|41
68|41 368|41
1307|25 568|30 502|40 488|49
1358|41 875|44
838|47 372|29 203|35
1313|48 894|18 582|24
1184|33 244|33
550|19 817|18 782|48 528|26 105|45
934|23 952|39 78|39 790|40
527|44 1171|32 806|28 1263|42 534|15
307|50 283|27 816|37 593|47 424|20 1440|28
489|25 155|36 639|34
290|37 275|16
223|30 140|16
718|26 683|40 571|49 855|35 917|44 447|35
1413|47 1165|20 640|21 1422|42
131|28 5|49 355|42 55|39 158|32
368|42 1342|21 500|40 381|28 767|36 1192|22
650|27 457|25 1144|50 1236|47 1124|48
423|48 372|19 881|47 1452|31
902|24 1212|25 1455|37 685|20
620|33 501|44 945|49 197|22 553|41 1351|46
160|50 179|19 698|49
1105|38 1289|41
1186|20 793|44 884|37 1108|49 268|30
54|43 1209|31 234|49
1498|46 1028|17 280|33 933|15
495|38 413|17 1321|40 874|23 31|24 303|27
506|17 1465|46 103|18 766|23
1352|23 1320|22 1023|48
474|20 1201|15 191|21
276|30 1055|27 237|34 1197|32 82|29 378|15
323|20 53|19 746|38
1428|21 1279|18 1027|45 25|23 96|50 383|19
798|31 935|37 532|44 1079|23
1333|46 18|23 1271|30 1258|20 922|27 1117|27
1399|43 1284|17 481|49 446|27
544|42 747|45 1184|31 955|27
478|18 491|46 1265|41
551|23 1106|36 653|33 359|19 476|20 2|48
665|22 1404|19 1280|43 1127|43 764|27
499|19 572|35 805|25 501|21 980|17 1021|47
826|46 791|37 736|19
158|15 1218|45 834|33 516|38 46|48 82|30
1411|42 742|41 606|28 8|25 359|32 1119|27
768|40 611|26 130|45 1114|38 1029|17
6|19 349|22 1452|35
1202|15 1030|29 554|38 419|32 1169|29
499|46 721|15 827|49 8|30 695|18
419|22 1414|48 946|32 591|26 287|26
1249|28 425|45 89|19 942|41
215|24 1467|37 349|41
373|25 1089|20 542|29
103|40 884|19 1213|33
1261|27 218|18
743|34 148|29 1226|46 695|16 1438|37
395|36 287|40 217|18 330|26 770|34
481|30 338|34 194|24
289|22 390|17 1183|19 1296|38 1360|26 1188|50
512|37 213|33 1062|23 891|27 854|40
743|28 1158|21 274|34 1292|20
68|23 224|29 1372|35 916|33
1009|25 82|18 826|50
84|38 519|18
1371|29 825|31 101|41 318|26 891|33
881|32 333|28
828|19 1466|40 788|15 1294|30 733|42
1103|44 84|21 914|28
1120|48 131|44 890|39
614|42 1485|47 214|43 831|19 94|37
650|24 709|27 496|40 497|19 896|26 52|24
239|40 435|39 444|19 525|37
1069|33 362|47
1363|27 1201|29 822|35 388|22 365|15 654|27
646|25 676|47
1004|22 1008|49
1092|38 1136|27 200|42
515|25 309|16 1375|28 993|37
585|39 764|18 961|31 319|45 563|23 392|45
848|18 25|37 1180|25 482|43 750|36
50|40 1000|29
533|20 1186|40 1390|30 202|19 484|50 1370|42
301|27 1226|46 630|31 1158|31 667|23 1437|42
124|24 761|47 825|43 553|18
1427|41 1209|50 10|37 74|25 1203|17 967|21
501|21 138|46 207|32 195|22 172|35 1192|30
595|17 311|36
570|22 590|47 1081|42 1225|49 671|46
492|40 230|49 1149|39 178|22
1051|29 1073|36 728|49 784|48
232|31 192|49 130|30 1057|22 262|46 919|30
876|35 1314|39 230|47 997|37
1353|33 1164|39 52|39 861|48 624|32 135|17
564|37 1219|47 54|42 1094|42
1086|21 1096|44 1158|45 1032|47 943|47 1218|17
148|20 1484|20 1012|47 378|49
1371|15 64|25 1059|48 185|39 1273|40 72|36
45|49 1169|50 236|36 1272|20 1004|39 652|40
28|43 1088|49 796|43 1070|50 2|19
1451|27 898|21 1134|27
1038|33 1480|36 1210|47
107|15 246|32 634|47 1280|33 1052|20 716|38
1282|20 298|27 929|44 590|43
1124|39 1333|47 212|25 733|29
1158|22 955|28 694|18
757|50 609|37 143|18 646|16 1368|43 1293|42
292|30 578|25
1437|46 1484|41 748|41 551|26
783|48 226|24 137|43
672|38 109|15 895|36 394|25 274|34 1440|21
452|35 458|35 751|47 823|15
592|17 420|43 27|24 1489|48 225|29 807|30
1365|48 1139|42 221|47 1203|46 1292|46 37|49
1364|46 1229|33
242|47 1221|45 1140|23 9|33 1131|26 1371|32
725|43 450|16 968|30
13|16 1401|36 1091|39 870|48
1139|41 1299|26 1441|42 563|46
155|20 23|31 891|33 622|37 477|19
1316|26 1347|44 1056|39 1115|37 0|40 609|37
44|25 750|21 1475|41 280|26
446|23 943|50 21|22 1057|50 353|41
1277|17 1059|15 1452|32 1250|18 1183|31
443|50 849|32 953|39
443|15 64|39 863|43 1211|29 1101|39
1349|35 1345|49 632|33 573|46
470|17 296|20 87|29 471|31 623|46 1417|29
1152|34 455|16 176|16
530|24 543|30
1037|49 866|41 305|26
1429|29 884|29 80|36 164|33
1039|31 691|22 991|37
705|26 1251|34 1323|24
882|35 172|24
1320|31 73|45 554|17
385|42 1229|19 543|17 933|30 68|15 418|29
429|50 351|47 266|43 946|23 1405|25
284|15 1069|18
266|25 1104|22 103|42 392|18 437|29 233|43
1310|32 1052|34
388|32 1346|33
400|28 1348|34 1317|45 992|25 1094|47
140|24 1219|50 1214|38 1323|36 1189|17 323|44
307|47 1414|49 54|34 980|39
19|50 422|29 26|47 128|31
397|36 1013|27 119|17 5|48
608|20 86|46 388|21 859|35
2|27 1289|30 180|48
469|31 572|19 1384|38 180|26 451|24
430|44 38|36 776|43 815|16 201|16
578|20 125|15 135|32 1306|42
74|22 731|26 989|16 1137|30
851|30 1292|49 830|17 958|32
742|25 1498|20 358|20 1035|24
349|21 698|26 191|38
1050|16 811|24
1278|39 302|27 748|27 1094|38 1386|22
495|46 1022|33
540|28 943|34 1192|22 1411|18 732|44 493|49
728|44 845|40 1200|50 1142|28 677|21 451|40
717|22 722|29 1269|34 236|26
1364|48 1196|31 1199|18
889|21 1134|31
1480|49 1075|18 1217|37 117|41 1237|46
945|28 1451|25 422|46 219|33
127|35 1024|45 960|49 1275|36
11|46 1405|42 793|31 931|39
1330|28 1430|49 1057|33 351|22 1403|31
908|44 1351|43 588|39 286|25 1397|22 1022|50
914|35 221|47
232|47 1418|16 256|37 1218|49 80|19
230|38 1078|41
266|15 248|22 486|47 756|44 631|35
91|23 409|16 1021|15 654|30
1228|31 417|47 455|23 1133|27 1077|38
771|20 754|19 1388|23 42|27
1435|17 1229|17 1198|49 250|42 988|25 52|38
737|29 631|28 1008|36
375|42 930|40
591|31 53|25
268|21 1429|26 938|19 1063|45 1326|18
517|38 998|26 376|33
1101|27 1456|47
585|39 1036|15 718|43 1363|30 671|43
1282|28 920|41
296|37 384|29 182|46 1061|25 913|50 675|40
1243|17 863|41 215|23
1369|38 986|20
415|16 493|20 2|24 1369|30
873|19 495|18 494|40 899|47 477|30
585|42 623|24
1276|37 1318|15 974|19 1476|50 814|15 270|18
688|18 996|43
1483|43 404|40 277|42
1194|47 1378|46
102|43 1414|32 746|40 189|20
853|26 582|34 838|33 1089|37
1228|45 1257|40 1179|18 1123|42 530|33 911|34
462|42 209|50 610|44 795|36 1234|20 1380|21
130|40 866|28 1153|20 230|23 716|43 1471|28
370|24 139|32 1105|45 494|15 1327|48
483|46 357|36 11|39 255|18 1187|43 301|17
601|26 782|48 759|44
394|22 362|25
826|34 1317|39 1109|33
340|49 1218|36 483|39
1418|41 149|34 170|35 108|21 1032|32 466|36
1487|23 910|24 631|25 729|38 1380|43
1432|22 1088|33 362|25 586|19
1288|23 44|27 671|42 1215|18 899|32
929|23 701|50 990|29 348|21 15|45
218|15 607|21 420|22 911|28 278|33
1174|32 1084|39 133|49 298|36 1424|32 957|32
927|41 274|44 239|38 693|45
43|36 1409|33
1226|19 65|25 267|46 710|26
273|29 337|23 1491|32 326|42 1325|28
1050|18 134|41 1360|24 598|40 648|38
1098|17 1401|43
759|36 802|43 1228|37 569|27 389|26
888|26 832|31 149|22 428|36 1059|33 898|28
1240|46 1354|29 1327|20 46|24
1209|19 987|17 1213|43 1126|45 300|22 486|23
1|49 104|36 1305|45 807|26
474|31 2|29 325|38 162|24 806|44 113|50
1057|39 476|47
596|28 757|15 1047|48 685|26
818|21 649|28 1168|40 1457|31
909|43 1488|26 798|19 1319|22 208|21
1399|41 372|46 356|23 536|18 1049|29 1338|49
760|34 25|32 1126|49 1017|25
679|30 1338|39 327|37
196|27 712|47 513|29 1092|32 387|45
674|40 187|50 485|34 656|41
300|48 877|30
431|46 829|19 1290|45 1182|19 615|48 602|45
279|39 528|49 976|39
933|40 399|38
1476|48 1454|25 1487|33 770|24 750|35 295|49
223|17 1056|34 1274|45 862|48 1020|15
1407|50 705|17 14|36 830|50 1218|35
1226|23 1326|43 570|25 431|20
656|30 409|42
1352|19 1468|48 580|19 1058|37 1275|47
225|46 885|47
353|23 560|31 120|32 1455|25 881|21
1090|47 702|26 1308|31 24|29 251|37 1194|29
731|44 60|21
1175|27 1190|15 994|17
1214|33 1002|28 225|27
910|44 771|46 1002|28
584|45 386|17 134|28 112|21 118|17
473|29 307|47 1330|26
768|22 884|19 1163|35 880|23 157|36 1475|22
952|18 1030|49 1114|18 1259|32 889|46
72|34 973|26
767|33 276|22 468|35
1118|39 564|23 690|22 1028|22
926|19 412|50
1188|34 12|23 1283|31
1385|19 1123|48 8|21 1423|15
368|23 585|23
1322|17 406|18 1213|39 206|16 1046|33
157|23 64|34 1384|35 412|49 494|49
789|16 1420|41 851|23
1153|18 1066|43 590|41 488|38
273|25 668|47 649|16 917|43 1207|48
73|31 630|42 143|45 1230|47 223|39 262|34
1129|23 181|40 720|27 543|31 1178|15
157|42 448|28
1080|26 1083|49
218|25 938|18 561|25 100|50 673|28
1094|38 232|22 937|27 767|24 647|50
1089|19 677|21 105|42
709|16 1223|15 8|43 798|28
838|50 632|28 32|25
670|27 1191|22 113|31 1045|29 503|20 1327|29
199|41 580|50 610|38 628|44 434|44
1388|47 1130|28 1442|16 1029|46 146|47
1270|42 1492|23 1003|37 824|43 13|15
679|19 531|29 863|44 471|45 967|22
1211|42 1282|30
1411|22 1122|34
829|48 231|25 125|38 1002|49
1219|24 1141|26 541|41
672|45 82|21 846|29
1020|29 380|34 216|33 816|21
1009|18 1158|27 1462|29 1172|22
1174|22 630|17 1082|21 634|50
971|42 985|37 1319|32
155|27 899|31 1284|30 111|44 333|47 593|18
1438|41 1492|27 857|38
1042|15 1234|29 1430|34 331|41 1308|34 407|37
1185|38 646|37 557|40 1253|25 1212|15
1474|42 22|31 437|19 181|15
1197|34 556|33 1218|32 311|40
756|41 1148|43
1257|29 1089|25 704|33 980|46
22|18 360|44 1175|20 904|16 468|28
743|37 1130|41 1072|33
584|36 440|21 400|29 147|40
1361|46 1174|42 1282|42 45|47 1136|42 155|19
1308|34 533|41 1237|45
643|31 619|47 55|46
1466|24 636|41 639|34 496|35 1496|19
1329|19 23|19 1298|50 1184|47 561|42
1482|26 868|43
207|23 696|45 51|29 814|31 719|15 21|21
103|50 1035|24 1326|46
1118|39 984|48 1471|24 434|50
629|23 12|31 642|50
949|36 351|22 631|15
1219|17 464|42 844|38 1244|49 238|41
1069|25 457|50 218|32
519|36 739|22 1392|23
317|23 1125|47
501|15 667|27 489|23 738|50 306|34 446|50
245|48 356|35 1066|50 336|39 1402|38
1103|37 1484|31 152|46
257|32 760|19 150|22 1233|40
874|19 255|27
1188|18 18|26
295|29 917|38
352|29 1154|26 986|28
939|28 1427|27 1370|49
1397|40 836|38 574|19 144|22 418|20 559|47
1286|40 1320|41 1480|30 943|42
973|17 1436|17 911|43
578|25 888|25 1202|48 1118|50 427|15 965|39
506|39 366|50 936|34 514|19 1279|45 217|40
634|42 1262|22 792|24 49|30 340|35 1186|18
828|50 77|45 854|31 1216|43
793|37 309|15 556|34 878|29 121|18 956|37
1013|20 1192|38
565|25 415|38
171|37 570|45 384|43 865|34 46|47 984|26
1185|42 400|15 101|20
1193|39 236|36 194|24 988|38 1172|39 43|44
1225|41 1314|34 238|28 1340|18 1482|45
936|16 1096|46 569|24
1233|28 1023|30
134|50 100|32 348|26 466|43 270|44
1283|33 183|25 667|26
110|29 371|28 292|16 1308|42 301|43 256|49
894|34 34|50 101|31 927|31
709|36 295|41 1238|42 314|38 510|18 212|31
1259|27 721|24 926|24 243|50 1209|21
1432|27 254|17 247|39 1452|29 358|31
891|28 261|28 231|35 506|43 1492|32 1485|49
403|49 1477|28
497|25 599|23
1389|21 279|23 935|48 131|18 531|43 96|17
1345|21 1434|35 144|25 561|50 510|34 130|19
298|22 1160|34 1181|40
1141|31 458|26 1094|32 604|21 1030|22 213|23
896|48 545|50
145|49 805|48 1494|36 826|44
488|15 325|31 1395|49 767|25 1124|29 974|46
713|41 1307|46
574|33 464|16
1004|23 1445|43 1164|32 692|35 684|20
478|41 691|41 874|25 1096|32 804|29 871|25
528|44 77|25 1224|32 1012|28 471|43
253|15 1373|26 835|36
1329|33 906|26 802|42 1254|41 1117|34 1020|30
504|17 188|33 1179|35
175|21 973|33 60|22 1419|16 848|38
706|30 1149|46
228|15 1292|36 1418|17 226|33
970|18 673|28 418|29
1494|29 147|16 248|39 1152|29 264|49
1261|35 49|31 515|44
1376|43 408|50 587|34 1332|34 1263|36
1123|24 312|29 924|24
659|23 1230|33 1402|44 1419|42 42|43 1488|35
315|35 5|40
1172|33 529|46 735|20 87|17 126|49
697|37 471|19
279|23 1401|31 823|26 1172|43 755|45 1226|30
1190|20 958|45 1495|50 148|31 409|36
1395|38 962|42 828|20 1481|40
1073|36 228|46 1033|32 733|32
821|35 732|36
38|19 105|36
1045|27 184|27 109|48 202|42 867|45 532|43
159|30 150|15 730|43 1109|40 371|22 1400|31
880|40 274|31 1421|36 197|48 919|49
503|26 436|36 1446|47 1433|30 1477|23 1467|28
381|16 1108|34 1027|32 1029|47 1308|20 754|27
488|34 961|47 875|47 223|20 1356|33
1084|28 1235|28 1118|30 1410|46
320|48 1174|27 432|25 113|47 1237|24 1233|20
724|24 1475|40 232|42 916|37 17|17
1407|50 1010|29 1260|17 23|20 284|15
13|43 169|48 657|19 912|23 1177|41 660|23
507|16 1221|30
616|25 1271|19 1210|24 24|29
1121|22 188|41 394|37 1232|45 270|50
1010|48 1225|20 1201|30 108|49 176|46 1081|45
1293|45 1125|39 662|19
23|28 658|42 1255|24 452|33 800|37
715|38 929|46 231|50 606|23
1049|15 1191|17
1058|39 758|36 1017|33
624|28 869|24 1016|40 1191|19 893|38
422|15 762|49 5|35 1171|48 251|26 579|32
68|32 582|33 1367|31 764|35 184|45
338|41 1137|15
212|31 244|32 222|33 605|42 373|47 256|45
238|44 78|50
1324|22 647|36 1410|46 544|18 1172|21 265|39
570|29 961|48 1271|21 13|48
412|33 1398|36
941|17 522|50 1297|20 200|42 1038|42 59|44
284|50 1338|15 578|34 1406|16 21|18 1190|28
1272|44 471|43 941|17 710|32 1373|31
140|41 1303|17 702|49
556|16 502|44 656|27 287|37
1177|40 418|48 0|35
233|23 783|19 161|34 467|22 1109|28 1145|37
363|48 165|47 812|45 1344|44
62|34 1327|35 740|17 792|48
127|20 1467|49 1018|32
1111|45 733|43 388|40 155|20 852|18 367|20
373|28 870|42 1428|39 232|42
1311|46 489|38 322|26 490|40
532|17 513|37 321|15 35|29 790|18 1189|45
115|19 264|36 981|16
1020|48 1043|37 1320|32 922|49 1166|15 429|22
157|40 695|44
1298|42 1116|23 788|24 903|36
1111|23 1043|16 385|45 229|27 1493|44
267|48 567|19 298|28 106|20 71|34
1482|20 513|33 76|48 969|35 202|27 893|35
522|35 1280|26 941|37
55|28 1031|23 1496|40 207|23
1112|30 417|44 1341|47
390|50 1091|36
914|28 980|18
1130|47 794|40 290|36
624|28 1|24 8|20 926|23 623|22
328|46 346|21 933|43 1261|41 208|27 163|35
1312|29 254|21 255|50
1259|33 655|50 23|25
1212|41 376|39 485|43 1483|27 318|29 283|46
478|34 150|43 175|47
772|20 77|17 523|48
1064|18 766|47
1228|22 1247|49 1465|46 550|28 1066|24 159|22
650|20 1496|48 173|41 458|18 656|22 642|36
1428|33 1140|41 1322|16 1234|39 747|32 913|20
1241|20 1083|35 34|19 363|29 344|50 1022|43
315|21 374|21 769|21
436|46 990|42 666|48 899|21 277|18 960|43
171|28 1404|42 399|22 975|27 233|29 1266|16
1194|40 1434|43
163|36 113|38 591|23 54|49
235|40 1397|43 319|26 80|37
343|19 790|42 422|30 351|18 444|50
1196|22 1365|38
1168|49 170|25 1273|43 514|44
46|44 1067|19 572|16 740|29 101|29 593|28
1386|42 117|31 326|19
383|45 127|49 532|50 1063|28
64|18 317|46 252|22 616|42 606|45 926|22
1072|29 569|36
928|42 301|50 201|44 340|40
403|41 686|25 203|19 340|43 926|44
1003|50 1113|24 1354|21 1170|17
690|34 262|30 597|21
941|32 16|29 666|29 1125|19
1324|20 747|18 531|27 417|39 562|47 1329|18
197|24 18|19 88|35 1296|25
204|32 932|43 54|28
317|35 473|28 627|28 1198|41
968|50 744|24 874|29 1006|25 206|39
745|39 1474|40 980|35 396|24 129|46 714|34
853|26 424|20 1095|21 561|37 665|15
1094|25 494|49 554|36 546|22 1041|45
1|26 584|32 868|48 1443|32
589|15 1009|45 582|28 682|38 1025|25 176|29
783|28 147|19 1491|22 821|16
465|24 424|30
944|39 728|34 236|37 1390|20 730|44 11|48
1338|15 660|50 570|33 996|30 253|31
287|46 956|29 535|35 865|50 748|27 421|49
161|22 589|49 738|45 707|32
424|26 398|42
1437|38 1096|15 87|37 943|43 479|47
396|50 1199|47 1046|23 1007|28
787|28 238|45 104|24 1167|43
238|19 1140|27 273|49 572|36 617|26
720|46 129|45 495|33
1235|38 807|19 1190|31 1443|17 1245|15
661|20 753|25
613|43 716|34 611|44 357|22
858|29 46|19 278|33 1120|21 201|45 231|30
912|18 371|32
1200|29 46|25
189|21 825|42 929|33 901|15
1486|17 1437|18 573|31 697|31 1143|33 102|40
1189|26 1316|38
145|29 1489|36 1461|37 827|35 1200|18 830|42
1051|39 1422|37 807|50 514|23
1457|46 179|29
79|43 1276|31 228|30
1492|42 1227|47 161|31 205|41 21|19 812|20
1145|43 74|15 988|28
75|34 1037|29 1362|26
107|25 1237|17 81|17 1326|34 1315|46 634|50
1493|20 26|35 950|38
1193|29 976|46 377|21 819|28
349|47 1041|27 1274|23 1091|37 303|49 1128|17
1406|17 1315|25 343|28
22|43 641|18 811|42 594|17 994|43
1314|26 90|15 177|23 266|35
1041|32 1094|36 972|36 154|21 734|50 767|48
1429|30 834|44 1055|18
686|44 706|18 389|27 244|25 11|24 985|37
290|15 524|30
428|39 565|29 1382|50
756|29 707|19 933|35 435|45
1287|31 888|15 730|36 240|20 113|30 512|29
687|48 1201|21 1147|41 10|50 854|23
486|29 1004|19 1068|40 1255|16
931|48 524|28 1116|34
514|19 869|49 1346|49 991|20 1486|45 69|23
162|40 1403|42 1420|24 1005|27
612|40 44|39 1227|18 489|48
58|43 129|24 1030|38 449|22 852|46
1346|39 1394|35 337|18
1015|19 141|47 98|44
694|27 12|25 1462|29 10|21
1031|43 259|50
1285|21 347|45 1325|24 816|28 874|16 84|17
828|37 1303|43
14|39 1299|39
839|18 1370|44 283|24 1405|28 262|17 595|19
306|19 570|45 770|33 285|40
593|20 823|31 268|19 591|22 743|15 1378|35
288|40 370|27 102|27 721|41 241|27
1221|26 340|49
525|22 1391|29 292|35
803|37 774|20
533|48 151|44 1101|28 1448|17 1156|28
955|36 646|30 102|40 116|32
1230|47 1035|25 71|40 223|34 525|40
921|37 1467|19 62|19 617|16
1219|37 460|30 207|50 930|34 1427|30 35|44
730|48 977|16 1261|33 761|24 534|31 162|34
408|30 28|22
648|49 1251|41 728|21 77|43 358|34
1271|50 33|32 1421|36 487|19 807|39
951|49 984|25 392|44 1169|40 1469|40 851|15
261|42 75|46 692|31
1434|20 1216|44 1294|38 839|45 175|23
1059|27 1405|25 1098|32 1449|49 1376|41 1495|27
1068|39 848|50
827|30 1084|39 957|27
100|31 349|26
1120|42 780|21
945|33 789|18 510|38 203|28
20|36 250|45
1112|40 952|28 1109|39 1473|38 768|42 992|15
861|43 1010|29
789|39 1234|16 416|31
1418|24 683|45 703|15
627|19 140|47 247|49
1114|20 909|28
540|48 370|50 494|34 1171|26 927|19 1474|45
282|20 450|30 517|18 514|21 899|38 1452|19
1441|28 757|39 1034|42 111|38 1275|26
639|15 139|32 1455|29
271|20 1195|41 399|33 1120|30
1342|33 1329|23 832|22 1190|34 1470|20
325|38 643|32 1401|35 1415|28
1248|50 753|29 351|39 90|22
877|17 898|34 1266|28
1252|29 363|49
1374|38 802|22 384|49 554|25 505|41 676|30
472|28 733|49
1071|46 110|38 454|19 1490|20
922|35 732|38 847|25 1209|41 740|48
277|21 280|43 427|38
689|34 632|32 222|47 202|28 891|38
63|39 683|21 1168|22
703|38 239|18 397|47 1169|22 745|18 1125|37
721|23 1322|42 26|20 376|47
483|32 910|28 1048|39
104|47 911|22 340|32
1356|34 736|44 281|27 1295|20
382|19 510|49 1280|27 749|23
709|48 917|36
324|40 1397|30 139|48 719|49 941|15 186|35
48|35 753|40 313|21
467|30 545|18 269|40 42|27
627|40 388|20 396|48 230|42 506|49 498|38
787|28 465|31
1124|43 924|15 1364|32
393|23 845|45 223|18 602|49 143|36 1320|29
678|20 640|23 47|21 330|50 398|24 1489|22
1496|15 4|26 30|15 782|15 704|46 813|17
529|37 1241|36 1039|40 781|34 1298|42
385|16 783|23 784|50
452|36 321|39 1104|32 1216|40 1494|41 725|20
409|37 612|50 589|37 1255|42 1398|23 510|24
363|16 51|35 1003|47 171|20
547|47 653|40 893|50 995|23 534|25 1476|47
1036|18 397|32 1077|34
1481|38 736|28 397|39 1234|16
471|25 1324|24 1020|42 1465|19 286|22
423|33 1369|42 859|28 514|28
1207|44 243|41 915|15 1484|45
273|29 1269|25 355|40
973|15 981|46 1000|17 532|46
1062|50 163|44
58|32 548|15 1140|36 1483|37 831|32
1011|21 576|30 216|45 26|28 600|38
812|31 379|20
410|40 974|24 1001|50
1212|44 93|17 1071|33 839|36 1058|22
549|38 1369|21 563|46 53|42 394|49 239|41
1303|27 1043|43 832|29 105|49
407|46 55|22 738|41 27|30
113|25 1062|33 709|29 61|40 705|31 1419|28
1286|23 962|50 441|27
407|49 31|35
845|48 1309|18 1321|27
833|26 234|43
1439|16 460|18 110|22 804|35 754|24 219|16
973|46 444|36 609|29 1015|28 263|45 769|18
794|42 1024|30 1423|39
832|48 1385|26 752|22 265|33
568|47 837|19 1304|26 597|27 712|23 546|35
407|38 1371|42 810|45 885|43 638|32 1498|22
242|23 1337|16 74|37 660|48 8|15 320|24
526|16 502|46 1015|23
817|36 842|16 1050|21 415|41
879|42 973|50 944|24 1417|15
462|24 255|34
1476|31 402|26 1208|31 583|38 898|20 1058|38
622|35 467|44 1468|43
595|22 172|31 1214|39 154|37 1200|35 1077|41
799|19 1450|41 870|28 1251|38 87|23
157|48 421|20 219|45 1493|22
1282|21 1467|16 1238|16 682|40 885|42 908|27
581|17 658|25 440|49 568|41 258|18 1435|25
275|34 781|42 18|47 1210|37
212|18 1048|47 235|46 514|45
1397|48 1341|18 1405|35
735|38 279|48 874|45 1103|35 1328|46 392|38
368|27 473|30 1064|48 291|44 1213|24
146|40 1434|24 974|27 673|25 932|43 573|34
1129|25 843|29 1287|29 1363|30
530|30 863|43 1205|29 444|44 1334|40
687|44 55|40
387|50 10|47
925|28 1|15
1203|35 754|16 551|24 1012|27 331|31 1374|48
164|43 44|26 963|18 1146|22 573|35 283|49
1370|28 1222|25 580|41
745|41 926|35
375|18 1166|25 1065|22
772|35 517|35 1194|41 402|20 1008|38
548|24 564|33 1006|43 948|16 1072|43
246|40 1249|41 1337|15 449|26 1201|46
332|36 477|49
477|46 1487|35 201|37 273|20 184|36 532|31
273|37 207|15 183|30 1460|19
866|26 1346|49 742|41 212|46 935|45 1083|19
928|24 1317|22 1108|24 684|35 145|43 476|29
138|47 1118|35 1133|25 945|16 1333|15 1225|40
1153|17 1458|24 1119|38 1365|45
1078|48 1358|50 283|42 106|27 551|25 1429|15
1107|32 818|18 1255|22 888|33
445|32 1109|48 23|20 1464|40 696|48
712|47 60|30 1051|31 677|40
1105|43 1271|38
480|30 9|24
886|24 1099|19 731|30 536|43
160|50 41|27 1211|47 228|46 1166|24
1161|43 1343|15 1397|35 1113|38 1159|36 1129|34
654|33 748|48
1480|48 168|17 884|45 845|43 1400|17 641|48
17|21 1047|38
174|18 1252|48
703|22 1262|49
34|47 9|16 652|35 757|26 761|28
785|32 1025|40 212|33 1188|49 900|40
1183|37 1446|20 471|28 1042|39
1220|45 780|35 513|36 350|29
105|18 710|33 295|49 806|23 1130|19
837|33 1032|44
879|33 657|21 1103|40 471|43
1294|50 184|33 792|45 986|43 1483|37
527|20 1178|15 1036|27 351|16 883|34
1370|27 709|31 487|27 1307|20 312|40 238|41
71|22 757|35 1457|18 1490|36 199|17
1013|15 1191|26 34|48
551|21 896|18
1331|15 255|46 233|48 1390|47
1059|47 1378|16 721|15 335|20 328|15 908|49
755|28 617|32 131|22 714|23 305|25
116|16 84|22
1469|36 349|19 43|31 880|19 942|43 641|23
46|15 887|41 153|20 947|22
1479|27 1328|45 1239|42 607|32 667|35
1467|44 415|47
351|27 698|35 62|43
17|30 847|35 442|21
175|34 865|49 553|47
229|21 313|18 634|28 727|47 926|15
424|43 1425|48 773|46 1380|23
687|36 937|42 389|39 1048|36
1408|28 1070|43 805|44 1135|22
1119|25 511|39 1437|34
820|30 1251|25 723|50 846|35
1003|50 1045|28 289|17
266|20 1378|40 330|29
1162|19 453|34 701|29 1088|36 249|16
1160|15 1271|24 1176|18 1331|50 1142|33
1369|21 101|21 362|36 65|39 911|42
485|24 1073|24 174|48 1376|33